homography: !!opencv-matrix
   rows: 123
   cols: 3
   dt: f
   data: [ -0.52271891, -1.71346545, 962.16363525, 2.06244969,
       -0.60620201, 77.71744537, 5.90245996e-004, 1.04028739e-004, 1. ]
