%YAML:1.0
calibration_time: "09/26/11 22:56:30"
image_count: 5
image_width: 640
image_height: 480
board_width: 10
board_height: 7
square_size: 2.
flags: 0
camera_matrix: !!opencv-matrix
   rows: 3
   cols: 3
   dt: d
   data: [ 550.5707123285503700, 0., 331.9003385380383400, 0.,
       548.2354038153447400, 228.1018079501822600, 0., 0., 1. ]
distortion_coefficients: !!opencv-matrix
   rows: 1
   cols: 5
   dt: d
   data: [ -0.1674537363589356, -0.0372417751095169,
       1.8899040627705236e-003, 6.7112868094328917e-004,
       -0.0136139215753231 ]
avg_reprojection_error: 0.2183469499860491
per_view_reprojection_errors: !!opencv-matrix
   rows: 1
   cols: 5
   dt: d
   data: [ 0.2304533822195871, 0.2147225516183036, 0.2031460353306362,
       0.2290328979492187, 0.2143798828125000 ]
# a set of 6-tuples (rotation vector + translation vector) for each view
extrinsic_parameters: !!opencv-matrix
   rows: 5
   cols: 6
   dt: f
   data: [ 2.13978887, 2.15834212, -0.69204587, -11.63973141,
       -6.40467310, 29.36315155, -2.08497715, -2.03681374, 0.79607248,
       -7.03410339, -6.90371704, 30.54322433, 2.11971831, 2.13802743,
       -0.49460429, -8.40585327, -7.47871351, 27.73678017, 1.92542076,
       2.03112507, -0.13969259, -11.08705521, -7.84707737, 25.27812004,
       2.03200006, 2.08486128, -0.32034785, -7.92562580, -7.67956638,
       26.02411270 ]
# the array of board corners projections used for calibration
image_points: !!opencv-matrix
   rows: 1
   cols: 350
   dt: "2f"
   data: [ 122.03141022, 112.62564087, 151.54777527, 108.33090973,
       183.23924255, 103.29919434, 216.56784058, 98.73495483,
       251.97917175, 93.74028778, 289.34906006, 88.89939117,
       328.32983398, 83.83456421, 369.42794800, 79.18492126,
       411.89416504, 74.65032959, 455.51647949, 70.42213440,
       114.37030792, 145.33595276, 144.76907349, 140.85543823,
       176.57214355, 136.95561218, 210.86148071, 132.54016113,
       247.23085022, 128.84220886, 285.50820923, 124.50718689,
       325.64465332, 120.20324707, 368.04928589, 115.98091888,
       412.02163696, 111.94061279, 457.32672119, 108.10757446,
       107.20886993, 178.52357483, 137.65133667, 175.58558655,
       170.22123718, 172.35533142, 205.17134094, 169.21606445,
       242.37606812, 165.77552795, 281.71075439, 162.48458862,
       322.91516113, 158.79624939, 366.57476807, 155.33155823,
       411.91900635, 152.13467407, 458.65829468, 148.49142456,
       100.03906250, 214.13615417, 130.65036011, 211.77575684,
       163.68579102, 209.62782288, 199.43464661, 207.44006348,
       237.43286133, 205.25761414, 277.60522461, 202.61436462,
       320.03967285, 199.99092102, 364.87741089, 197.39753723,
       411.70318604, 194.69024658, 460.14575195, 192.19686890,
       92.51737976, 251.30183411, 123.68500519, 250.31541443,
       157.28070068, 248.96351624, 193.56697083, 247.94641113,
       232.41810608, 246.68840027, 273.38146973, 245.29580688,
       316.97702026, 243.72828674, 363.02520752, 242.03138733,
       411.33746338, 240.43417358, 460.95281982, 238.51300049,
       85.44026184, 289.81341553, 117.10880280, 289.82720947,
       150.80778503, 290.23394775, 187.76396179, 290.18591309,
       227.13702393, 290.33273315, 269.27099609, 290.22943115,
       313.88659668, 289.71646118, 360.99404907, 289.37191772,
       410.56207275, 288.72622681, 461.82485962, 287.88992310,
       78.55944824, 329.46887207, 110.54565430, 331.38064575,
       145.10252380, 333.28399658, 182.18547058, 334.51748657,
       222.32531738, 335.78302002, 264.88973999, 337.21231079,
       310.57168579, 338.11141968, 358.84158325, 339.07489014,
       409.84768677, 339.64660645, 462.29434204, 339.79394531,
       207.31462097, 106.43201447, 236.22064209, 99.37970734,
       266.66744995, 92.07365417, 299.46594238, 84.49491882,
       334.54598999, 76.50422668, 371.69906616, 68.24210358,
       410.68499756, 59.71597672, 452.32614136, 51.10934067,
       495.64913940, 43.10948563, 540.43084717, 34.82578278,
       203.07046509, 138.43847656, 232.23487854, 132.09403992,
       263.43563843, 125.49744415, 296.88076782, 118.59197998,
       332.85394287, 111.60948181, 370.70697021, 104.43851471,
       411.29635620, 96.57292175, 454.11764526, 88.69348907,
       499.31857300, 81.00926208, 545.60430908, 72.91359711,
       198.72994995, 171.52006531, 228.39747620, 166.44873047,
       260.14324951, 160.68742371, 294.34613037, 154.91343689,
       330.98263550, 149.10046387, 370.23788452, 142.42523193,
       411.57592773, 135.69798279, 456.13977051, 128.61271667,
       502.39828491, 121.94073486, 550.61614990, 114.82204437,
       194.40745544, 206.60614014, 224.51797485, 202.40104675,
       256.67419434, 197.62112427, 291.52362061, 193.18431091,
       329.16107178, 188.25175476, 369.19198608, 183.06990051,
       411.77142334, 177.30068970, 457.47766113, 171.53204346,
       505.61550903, 165.44046021, 555.60888672, 159.48861694,
       190.01512146, 242.78884888, 220.58883667, 239.84979248,
       253.32852173, 236.56135559, 288.68688965, 233.33755493,
       327.01165771, 229.63967896, 368.07089233, 225.58595276,
       411.61141968, 221.40380859, 458.64895630, 216.76557922,
       508.32489014, 212.54318237, 559.77935791, 207.42655945,
       185.71237183, 280.52624512, 216.65754700, 278.83706665,
       249.77770996, 277.02709961, 285.93457031, 275.10577393,
       324.72735596, 273.02410889, 366.73370361, 270.56921387,
       411.50500488, 267.68273926, 459.60665894, 264.81890869,
       510.27023315, 261.60446167, 563.82519531, 258.10238647,
       181.56759644, 319.28860474, 212.59973145, 319.32791138,
       246.47305298, 318.87332153, 282.98101807, 318.64907837,
       322.66629028, 318.14050293, 365.38165283, 317.40872192,
       410.90594482, 316.30108643, 460.25973511, 314.98214722,
       512.60327148, 313.37103271, 566.79968262, 310.74530029,
       170.19421387, 84.57386017, 205.85113525, 81.49099731,
       243.04855347, 78.44169617, 281.72357178, 75.53124237,
       321.36834717, 73.02587128, 362.31097412, 70.44100952,
       403.60330200, 68.15550995, 445.95431519, 66.35965729,
       488.36157227, 65.02411652, 530.53198242, 64.08714294,
       164.65783691, 118.71045685, 201.22271729, 115.91526031,
       239.25621033, 113.35053253, 278.64746094, 110.64382172,
       319.96813965, 108.66461945, 361.65563965, 106.55962372,
       404.36657715, 104.52622986, 447.88128662, 103.04035187,
       491.84298706, 101.57662201, 535.32629395, 100.84289551,
       159.18215942, 154.56617737, 196.40599060, 152.50444031,
       235.26910400, 150.16885376, 275.90887451, 148.25532532,
       317.90853882, 146.54052734, 361.14984131, 144.93887329,
       405.05718994, 143.09977722, 449.94464111, 141.75910950,
       494.69845581, 140.85147095, 539.77807617, 139.70837402,
       153.68568420, 192.42933655, 191.59608459, 190.76991272,
       231.47781372, 189.40789795, 273.02774048, 188.01159668,
       316.24856567, 186.77059937, 360.42279053, 185.52549744,
       405.57421875, 184.05952454, 451.66815186, 183.30471802,
       498.14819336, 182.25137329, 544.19653320, 181.50671387,
       148.31158447, 232.11102295, 186.90820313, 231.53894043,
       227.52453613, 230.55146790, 270.14254761, 229.81311035,
       314.36141968, 229.27888489, 359.72930908, 228.56805420,
       405.88775635, 227.67184448, 453.18441772, 227.03689575,
       500.99365234, 226.47467041, 548.23303223, 225.54566956,
       142.97694397, 273.51852417, 182.38104248, 273.62512207,
       223.76860046, 273.67007446, 267.24011230, 273.81283569,
       312.31701660, 273.87210083, 358.69808960, 273.77951050,
       406.24682617, 273.39105225, 454.67764282, 273.32778931,
       503.67535400, 272.61233521, 551.92498779, 272.15853882,
       138.09384155, 316.30603027, 177.73506165, 317.55718994,
       220.27009583, 318.59628296, 264.32287598, 319.56732178,
       310.45278931, 320.55310059, 357.73645020, 321.06500244,
