<?xml version="1.0"?>
<opencv_storage>
<homography type_id="opencv-matrix">
  <rows>3</rows>
  <cols>3</cols>
  <dt>f</dt>
  <data>
    1.80141985e+000 3.41726899e-001 -1.46111343e+002 5.45073263e-002
    2.13638854e+000 -1.42666214e+002 9.24823617e-005 8.26044881e-004 1.</data></homography>
<src_points type_id="opencv-matrix">
  <rows>12</rows>
  <cols>2</cols>
  <dt>f</dt>
  <data>
    9.53121033e+001 9.01225891e+001 2.34481918e+002 8.65130844e+001
    3.81914734e+002 8.16481476e+001 5.29950134e+002 8.09471664e+001
    6.91799240e+001 2.32983887e+002 2.27442001e+002 2.30990936e+002
    3.89181305e+002 2.28998627e+002 5.53579651e+002 2.24811325e+002
    4.15960350e+001 4.10199646e+002 2.15477005e+002 4.13310486e+002
    3.99696136e+002 4.12946899e+002 5.79885132e+002 4.09382751e+002</data></src_points>
<dst_points type_id="opencv-matrix">
  <rows>12</rows>
  <cols>2</cols>
  <dt>f</dt>
  <data>
    50. 50. 283. 50. 516. 50. 749. 50. 50. 300. 283. 300. 516. 300. 749.
    300. 50. 550. 283. 550. 516. 550. 749. 550.</data></dst_points>
</opencv_storage>
