%YAML:1.0
calibration_time: "06/03/12 10:47:13"
image_count: 5
image_width: 640
image_height: 480
board_width: 8
board_height: 6
square_size: 1.
flags: 0
camera_matrix: !!opencv-matrix
   rows: 3
   cols: 3
   dt: f
   data: [ 5.3834903535818853e+002, 0., 3.3168788362012475e+002, 0.,
       5.3573180611782459e+002, 2.2403302407550188e+002, 0., 0., 1. ]
std_matrix: !!opencv-matrix
   rows: 2
   cols: 12
   dt: f
   data: [ 
         85.,75.,
         232.,67.,
         390.,64.,
         544.,65.,
         50.,237.,
         217.,235.,
         401.,232.,
         576.,229.,
         23.,439.,
         205.,450.,
         411,449.,
         606.,437. ]

dist_coeffs: !!opencv-matrix
   rows: 1
   cols: 5
   dt: f
   data: [ -1.9972174719527058e-001, 1.9379793455955649e-001,
       2.5330780119346375e-003, -2.9827519409045015e-003,
       -3.9370236704094208e-001 ]
avg_reprojection_error: 5.7895975112915044e-001
per_view_reprojection_errors: !!opencv-matrix
   rows: 1
   cols: 5
   dt: f
   data: [ 4.8854033152262372e-001, 5.0119900703430176e-001,
       4.4058497746785480e-001, 7.0513065656026208e-001,
       7.5934378306070960e-001 ]
# the array of board corners projections used for calibration
image_points: !!opencv-matrix
   rows: 1
   cols: 240
   dt: "2f"
   data: [ 1.31552872e+002, 9.96764755e+001, 1.78624191e+002,
       9.45799866e+001, 2.28751205e+002, 8.95927887e+001,
       2.81290436e+002, 8.52181396e+001, 3.35925201e+002,
       8.12311020e+001, 3.91955322e+002, 7.75440445e+001,
       4.48725983e+002, 7.45118332e+001, 5.05694336e+002,
       7.17677765e+001, 1.22169594e+002, 1.46197067e+002,
       1.71013290e+002, 1.41592636e+002, 2.23234924e+002,
       1.37179977e+002, 2.77887177e+002, 1.32775909e+002,
       3.35213501e+002, 1.28662735e+002, 3.93944336e+002,
       1.25072014e+002, 4.53584167e+002, 1.21716537e+002,
       5.13577515e+002, 1.18993744e+002, 1.12337212e+002,
       1.93594437e+002, 1.62862823e+002, 1.90493149e+002,
       2.17350098e+002, 1.87382370e+002, 2.74448395e+002,
       1.84261536e+002, 3.34254944e+002, 1.81186981e+002,
       3.95852539e+002, 1.78445099e+002, 4.58407898e+002,
       1.75683105e+002, 5.21271179e+002, 1.73308853e+002,
       1.02702232e+002, 2.46834351e+002, 1.55035385e+002,
       2.45292282e+002, 2.11363907e+002, 2.43418564e+002,
       2.70763123e+002, 2.41404709e+002, 3.33376099e+002,
       2.39222488e+002, 3.97777435e+002, 2.36809891e+002,
       4.63313965e+002, 2.34404846e+002, 5.29149658e+002,
       2.32001678e+002, 9.33389969e+001, 3.03305786e+002,
       1.47069016e+002, 3.03427094e+002, 2.05337357e+002,
       3.03155945e+002, 2.66909302e+002, 3.02376526e+002,
       3.32174103e+002, 3.01362091e+002, 3.99510315e+002,
       2.99652893e+002, 4.67839294e+002, 2.97908447e+002,
       5.36583984e+002, 2.95558533e+002, 8.44666138e+001,
       3.63119110e+002, 1.39421921e+002, 3.65226563e+002,
       1.99284561e+002, 3.67110077e+002, 2.63322998e+002,
       3.67990845e+002, 3.30858765e+002, 3.68407013e+002,
       4.00979950e+002, 3.67854492e+002, 4.72244965e+002,
       3.66576111e+002, 5.43215027e+002, 3.64437683e+002,
       1.88311157e+002, 4.23451233e+001, 2.29363037e+002,
       4.80682068e+001, 2.73372589e+002, 5.41271400e+001,
       3.20805267e+002, 6.16230621e+001, 3.70994324e+002,
       6.99416656e+001, 4.24032715e+002, 7.91374512e+001,
       4.78988708e+002, 8.92189941e+001, 5.35918396e+002,
       1.00227493e+002, 1.67405106e+002, 8.14698334e+001,
       2.09067261e+002, 8.78132706e+001, 2.54282349e+002,
       9.53525467e+001, 3.02732208e+002, 1.03728317e+002,
       3.54652374e+002, 1.13342979e+002, 4.09433105e+002,
       1.23897942e+002, 4.66637909e+002, 1.35553711e+002,
       5.25875305e+002, 1.48669769e+002, 1.45919434e+002,
       1.21383110e+002, 1.87959656e+002, 1.29718689e+002,
       2.33915741e+002, 1.39321198e+002, 2.83516785e+002,
       1.50216492e+002, 3.36656586e+002, 1.61842102e+002,
       3.92883850e+002, 1.74657516e+002, 4.51955780e+002,
       1.88312744e+002, 5.13530273e+002, 2.02803177e+002,
       1.23435501e+002, 1.66114594e+002, 1.65694092e+002,
       1.76839905e+002, 2.12190399e+002, 1.88637878e+002,
       2.62274628e+002, 2.00879257e+002, 3.16922028e+002,
       2.14688705e+002, 3.75149017e+002, 2.28935135e+002,
       4.36210602e+002, 2.44396347e+002, 4.99900879e+002,
       2.60496796e+002, 1.00227997e+002, 2.13653412e+002,
       1.42713440e+002, 2.26348602e+002, 1.89663040e+002,
       2.39857513e+002, 2.40668488e+002, 2.54679062e+002,
       2.96273010e+002, 2.70584045e+002, 3.55647400e+002,
       2.87847076e+002, 4.18348267e+002, 3.05826019e+002,
       4.84256348e+002, 3.24347412e+002, 7.70484924e+001,
       2.62781281e+002, 1.19334053e+002, 2.77981110e+002,
       1.65983353e+002, 2.94689087e+002, 2.17873474e+002,
       3.12465149e+002, 2.73894592e+002, 3.31136566e+002,
       3.34400696e+002, 3.50220245e+002, 3.99041290e+002,
       3.70284882e+002, 4.66437866e+002, 3.90710266e+002,
       1.67457275e+002, 1.46383621e+002, 1.98904434e+002,
       1.37803528e+002, 2.33397141e+002, 1.28463348e+002,
       2.71142822e+002, 1.18379715e+002, 3.12505585e+002,
       1.07596954e+002, 3.57730713e+002, 9.62329102e+001,
       4.06570984e+002, 8.37585602e+001, 4.59429108e+002,
       7.09351196e+001, 1.59896637e+002, 1.85443817e+002,
       1.92059448e+002, 1.78143265e+002, 2.27408630e+002,
       1.70011993e+002, 2.65950287e+002, 1.61402039e+002,
       3.08821075e+002, 1.52053452e+002, 3.55673553e+002,
       1.42241470e+002, 4.06599701e+002, 1.31673767e+002,
       4.62144745e+002, 1.20342354e+002, 1.52412613e+002,
       2.26351425e+002, 1.84825027e+002, 2.20664536e+002,
       2.20981110e+002, 2.14558105e+002, 2.60772034e+002,
       2.07711975e+002, 3.04797424e+002, 2.00392502e+002,
       3.53473145e+002, 1.92314819e+002, 4.06398132e+002,
       1.83393631e+002, 4.64517761e+002, 1.73816162e+002,
       1.44763504e+002, 2.69635284e+002, 1.77949265e+002,
       2.65952881e+002, 2.14700882e+002, 2.61810242e+002,
       2.55437790e+002, 2.57356232e+002, 3.00682556e+002,
       2.52214981e+002, 3.50782837e+002, 2.46356812e+002,
       4.06076233e+002, 2.39718338e+002, 4.66640442e+002,
       2.32473572e+002, 1.37333420e+002, 3.15249390e+002,
       1.70675888e+002, 3.14037903e+002, 2.08307083e+002,
       3.12372986e+002, 2.49781647e+002, 3.10275909e+002,
       2.96372772e+002, 3.07691284e+002, 3.48150391e+002,
       3.04694885e+002, 4.05236420e+002, 3.00980408e+002,
       4.68440399e+002, 2.96685791e+002, 1.29901855e+002,
       3.63127655e+002, 1.63623871e+002, 3.64367554e+002,
       2.01545013e+002, 3.65405029e+002, 2.44193893e+002,
       3.66287445e+002, 2.91766235e+002, 3.66858582e+002,
       3.44870422e+002, 3.66994080e+002, 4.03938049e+002,
       3.66656281e+002, 4.69570526e+002, 3.65420959e+002,
       1.62742508e+002, 4.57132301e+001, 2.12200119e+002,
       5.11070442e+001, 2.62989227e+002, 5.66812553e+001,
       3.14529358e+002, 6.31298676e+001, 3.66504059e+002,
       7.02982941e+001, 4.18126434e+002, 7.82357483e+001,
       4.68760254e+002, 8.65580444e+001, 5.18356812e+002,
       9.57270813e+001, 1.49553833e+002, 8.66262741e+001,
       2.00423645e+002, 9.27465515e+001, 2.53195114e+002,
       9.97825165e+001, 3.06474854e+002, 1.07489380e+002,
       3.60316345e+002, 1.15906929e+002, 4.13568207e+002,
       1.24868759e+002, 4.65918793e+002, 1.33636642e+002,
       5.17270996e+002, 1.43004807e+002, 1.35254761e+002,
       1.35499329e+002, 1.87803467e+002, 1.42635971e+002,
       2.42315811e+002, 1.50362335e+002, 2.97525757e+002,
       1.58402435e+002, 3.53286530e+002, 1.66414490e+002,
       4.08621124e+002, 1.74528549e+002, 4.63212006e+002,
       1.82651138e+002, 5.16448669e+002, 1.90897202e+002,
       1.21190773e+002, 1.85489944e+002, 1.75390762e+002,
       1.92987808e+002, 2.31487427e+002, 2.00848862e+002,
       2.88503876e+002, 2.09292892e+002, 3.46172638e+002,
